-2084 -1844 758 -9 -4034 327
2988 4528 431 1242 3870 892
-4321 2789 914 2665 4415 843
2387 -4431 127 3344 4796 413
-3198 2984 518 -4113 -2055 227
196 -1569 531 1089 -2130 397
-2677 -3959 820 4029 -1500 76
2489 3424 138 4311 -2156 746
-2743 -2321 722 -79 4963 744
-2763 -782 333 1086 327 764
-2637 -4834 697 -3838 -441 422
2519 1192 944 2781 -4575 993
3814 -1914 112 1513 2728 495
-2235 3775 601 382 -4162 272
-565 -1919 783 850 4290 183
-2265 -4725 746 -2759 3008 503
4857 -1049 339 -772 -2646 248
-3119 3801 151 -364 -927 412
-411 4903 618 -2550 -18 989
-3664 -4355 646 3579 1382 303
-728 -1240 520 -3379 2260 622
2443 4976 888 -625 934 804
1545 3535 854 1107 -4607 264
-965 -4030 36 3205 4707 891
1632 -3663 863 -745 -2492 128
-4128 -2012 482 -4301 3890 31
-4263 430 41 2481 4024 436
-3886 -4840 524 -885 2959 10
-794 -3419 266 3859 -797 387
-7 -1158 343 41 3293 441
1653 4186 915 -3011 -3107 788
3294 4750 858 22 -403 378
466 -4282 907 2877 1079 440
-4623 -1433 808 -1462 -1052 756
12 -4291 144 -3618 3793 622
3299 4040 518 -41 430 713
2295 3017 763 -1196 1576 484
33 27 628 -3677 3372 250
-4295 -3681 504 540 355 301
-2869 -2166 230 -1796 942 124
-3001 2149 646 4991 2772 287
530 1325 439 -2453 -1188 163
2111 2272 738 4593 -1884 121
2541 -4801 741 4982 825 328
-2185 4860 811 2304 -510 587
-1742 4267 262 -3324 545 717
-2048 4608 752 -1764 4447 804
-981 3044 343 -1529 -3567 357
4469 -2752 715 -752 4327 544
4578 -4377 802 -2705 462 840